;id=2 
;legend='class 2' 
;color=java.awt.Color[r=255,g=0,b=0]
;
7.769222349732167 193.5762277064217 -13.810930897295346
4.214517338333062 213.60059863739366 -16.60916037778039
5.1454377307107855 211.61119757308327 6.498373625313598
2.8621100924177996 195.7048116814849 23.46260875602166
-17.972936542468272 201.95904399087507 -2.343611644955295
-8.164005761956938 181.0894483090161 14.510974407367677
-21.469177914323833 205.67016994429295 -3.908307832491033
-2.570464876375698 188.5215236827011 7.8549601432361635
-11.294344676823654 177.95241458277553 -2.241671729674066
-8.71086482512975 191.72724389973953 -1.648307948265146
8.09748285596324 182.4223617360094 -0.6405794457164636
-5.832462772474832 210.02158720296674 -13.717232422287163
-9.121316614746496 207.61425519856513 10.158443553941733
-11.616642912621424 197.43681332251882 -5.983181339421736
10.49540448861601 211.77531058212332 -18.207474012509422
-9.982502938840408 188.90151607043043 -10.08588092174692
-24.65134437496139 187.8523788106867 14.133545922875353
-5.397755128795977 198.33538364866237 -5.650574884457105
-2.620263387759618 210.35383023887323 2.072532713911078
-6.826360625916465 203.48333040430364 -8.7969383752946
26.921808779356837 191.31813101728588 -5.213706053967986
-4.3510600514326185 179.919406879441 -13.176261291076335
10.403457001904004 194.86096638837213 5.669135982938619
6.361296325709484 198.8888644282641 7.286725432903803
11.01529499619115 198.65700705957806 1.421081103375232
-2.02384795175209 207.08070250348024 -18.887735042225057
-6.692187779967554 193.4805997650044 4.210993424709009
5.08325967604041 196.8493490204514 -8.677263959059431
11.510107269622365 195.26614533469797 -6.385028792909618
-1.1951326299588152 184.39476906924014 -0.36416101988105604
9.471927556987271 211.8809219097231 -17.380300681011622
4.877721402527137 194.21186245690856 2.7148758012268304
1.7198247066591865 199.34298386746406 -3.413480711314568
14.399411184896609 197.99238884388532 -10.399557543553728
2.424644193141469 203.7879887206438 -8.758837484396562
-0.5233603495021707 168.8178102755588 2.180322414673966
-8.808624517194794 199.69935026710053 -14.54086061368592
4.860734170181301 203.43070912743227 0.5825406037531459
-1.9446511344144755 210.19473689681195 5.869739066855612
-3.8069800957794757 198.97911878575695 0.6085964683679288
-9.728300323082546 208.29916257503137 22.469952676957906
3.8565325625731983 199.7099991000824 -11.67898633653599
-18.63382380763201 187.93270512175584 -2.806251334663352
-1.0650834712420283 184.94015253369867 5.754636990991235
12.3447066588829 198.57143118398255 -3.1520088023083352
-5.22410892029248 207.4384159730643 -3.124860372816429
9.0574363136531 205.96504527749565 0.13319921760231435
6.0977463532498195 203.11850299411753 -5.213721666654164
-9.1328818818021 206.20409690669595 1.5900049019587454
4.575654482748578 198.43365136931723 -10.278119560477318
-6.972049798648713 204.17121964144619 -18.630950026473915
-6.0863212451361814 194.047424071692 6.845475073108336
0.70152221055544 207.9045837658468 6.280368524395743
-2.103753514946472 182.61172248570782 9.544876553711084
-0.3994431473693874 195.04071961282264 10.003490957843885
8.26749293581363 207.7425308507079 -4.565587786644022
-10.954156745443592 202.555697578125 -5.113979705648234
22.23293298245675 190.14541757764158 11.27419193028337
-1.0631174952171354 192.03395227269596 1.364456498459531
5.297829103073778 196.91411900390176 -0.7441967027528394
19.484411284476856 210.20698348043103 17.468049232766447
20.384050551804116 205.25171068324704 12.473195232354641
-5.762487748318369 205.88880547623006 -4.763340392267676
-4.5618919942048946 182.66205958670005 -2.109762158629809
-10.056222611628112 199.86062638215353 10.99537258352532
5.820434626495614 205.94682476257447 16.264324629816297
9.937353504055453 190.22883137216596 -6.335546302884598
-3.1626895871709886 198.6956555734952 1.4480803008567766
4.006439692941514 203.6760491634747 6.48527367605793
7.850829171790627 213.85775582357678 -6.36406755579921
0.11863156052915687 216.41780960779568 5.652429034450579
3.798962765603557 203.57660498548896 1.658432771197863
-8.779670663251938 200.59611977290945 6.6993520995130265
-12.150512268362545 209.9186682928471 4.850322335334848
-2.5912618078955734 202.11413855143766 -6.413584877174817
-5.130582019062904 196.14620871647003 15.93135818646676
14.70370899390269 186.63107420201223 -10.705906559233755
-0.6905760905005778 211.04452000270598 16.95077907151713
8.238699772914336 201.56078257560577 -0.48145774351243076
1.696233019637611 189.84684827414878 -11.817705132685193
12.246853468013581 186.2293589407273 -5.462504639472538
3.044394687700267 197.75268620709696 10.22632495573452
-7.831246944967272 183.60135111325332 -12.165424397420823
8.284513053164257 203.26032794403605 -0.7525119082447863
-15.039441056182847 211.41341903624945 0.1529375419780292
-3.8160261451299897 202.2476172834015 -12.729985369606549
-11.29669163424371 204.88865656978967 -6.220767152258149
10.526140491796468 213.14423432686144 5.226773359566142
-2.626226921938633 194.19682845489493 -5.20482782277293
-4.236872441586749 195.71093521214178 -6.302981867023863
-4.180777229135853 215.3859530695156 8.324603245998043
-22.754327975464506 197.08659644455028 -6.484200806587909
9.159875572746168 178.91668729195158 7.095165946421166
22.56029442916626 194.40260027458916 5.856485022093217
-12.126737251111594 202.6858109805557 -11.118232783092246
-13.76798027789675 207.90011278671867 0.2779269598981834
2.9827857080426816 199.45066655866813 -1.979697643707855
0.19902730227608212 191.58484972693023 -6.919198224739454
4.334275183044005 203.80343717789762 -8.569877432128052
-12.844671264600937 189.1318686667942 2.891639254312936
-16.31369013462008 191.87703354315246 -2.0359632029079195
-10.44415994736013 205.92078500745913 4.947847138435589
6.110006204075534 207.4282956343813 23.301250790862653
5.7006198754201876 211.50566023121755 -3.909860673921155
-5.111325367032507 193.7948204959873 -20.910862546452083
2.7552153781345257 193.81729672182755 -17.5852675833948
0.8587398838768232 182.99498150554106 -2.9335936462581635
-26.9117565946725 202.17797773356244 -10.721659759818667
1.4445303756202952 210.30217050991178 7.578655286821173
10.863045016849401 193.66069238830588 16.413868194764117
-2.166886097235476 210.3063621790192 6.082781651803084
-0.21926438442557175 186.5439556405942 11.185102394189766
-1.6884381982489003 220.70975683258558 -5.422248854629263
10.216665913632388 204.06224443132467 11.714703065049502
-14.30193332855956 204.94331321241367 -17.60151563122169
7.877315527270427 201.9930783500062 22.13776207052119
2.7484729218167607 192.10254350668674 12.021397834643679
10.335042301213822 207.0223301756199 -15.513047007517045
10.442801243172458 202.2393026273866 1.6529424375547324
8.751951095108588 199.13179388626858 4.7782349614295985
-5.896218869306008 210.30583415887574 24.25769002152063
29.222777212645305 197.69637186474029 6.6046029566854
-15.448428742913299 191.49014092373105 -11.725093118131504
-8.867288867765694 179.97669134423205 -14.544964693287747
1.152625149766432 211.5312369341405 2.7704073036889927
9.98604173155211 194.24471060705648 -0.30696895628938115
9.609410561667197 204.47839724275073 -0.7318036384856363
-8.472375847080656 224.7604485795244 9.921957554880237
-10.654104967942612 214.71571869982844 -13.880981090237071
-6.935899073975408 195.90744919028305 -0.6019758460513819
9.908107282963702 203.7478869793203 -5.741178251016061
5.196487064154999 183.71930691150945 7.652384604224553
-1.0520045147986457 209.41155376298178 -0.7087799837988186
-5.1237090661213704 187.21619887014208 10.030423665187374
-3.4617505551071233 195.5033936329852 -2.3100955831078513
5.371875721791714 189.79241957250318 -1.9650512857050035
-9.204791515016083 203.33111374810656 4.644505451407918
-9.749863661533638 205.9488197293547 -12.587708865636742
-7.397677267781425 204.84770964580565 -12.161971048855484
16.12159637277197 179.96101239856418 -13.276746274443072
-6.518645292656252 194.13091318721308 3.1827810975887005
-7.417651452475528 194.3864013445978 7.567205226363386
0.8794156105146972 210.25649562481448 12.061655069736313
8.428205162625122 184.3650833413055 -1.0204522293298888
10.538088313714226 209.31675150890774 -6.097580548674691
15.575599851886645 195.08435805745128 1.711103635186682
-9.496904787588043 189.8460050650945 -12.129954661608737
-15.535692177155278 213.30484858950626 0.5726686921687579
-0.5525353251121898 197.2490097096465 11.011994036637098
-1.0382841196472279 207.64699130078515 -1.6030637389491245
7.974166695738427 200.96345729622186 2.522646909917375
-8.337686098853567 199.24855868306219 -14.616313548856146
-5.189925757127199 213.00083641813308 10.183260370728034
-5.83759248908258 190.23400527018472 0.6358330316444648
-10.3306219209514 216.7661315496037 -3.1324083026645413
-3.389507703827734 191.34965926707918 -7.384589029749039
-4.696996420714025 206.94429439984614 -7.890254475503337
3.8644646578347386 181.86446342971925 12.247952363619268
-6.176276814590867 190.2371476684989 -15.026509979259373
-9.982758546018484 209.06852359266048 13.830957121931824
-3.2666451942401373 198.4729751071971 -10.973237039868168
13.589463134134345 198.33723136322772 6.536682003414285
8.0223971496363 204.74882425899773 15.986334833274146
18.688615035073283 214.84099658027534 5.745529247415863
0.44553892744715085 185.53215691214174 -20.85810507807649
-23.512581903260834 209.64284779307596 -14.64075682496982
1.633504952928172 215.65103692468077 5.644851485605523
-7.059624870736086 199.82154316282617 19.374138693208355
20.205096258420305 182.1105129457322 7.161275895164737
4.664847544562198 203.82763572010776 6.67760442190929
-7.797974547962376 195.44241878234814 18.127480437659028
20.742786682601885 193.29158839647113 -7.101151530253213
-1.6698738252332321 197.404774603029 -13.982286892161817
22.826951011122713 184.01613635464818 3.7680933579998093
6.3049923939713075 192.4526766297223 -6.097087648133318
1.6702796477798958 197.91997455076117 -31.324230574971445
8.886460135742313 180.96841089700231 -4.045816519484883
-6.320367907785863 198.67865335062893 16.578502963225063
-2.0583815238422303 196.486699242232 -11.014121055943901
-10.167297641879404 197.37213617888472 -3.863117830891814
1.9774929400127137 176.00696311885974 -12.646020463166343
-5.51359822167523 197.75481375731567 0.9883479624518037
-15.711986096348143 189.46093708953896 10.933332571923218
-0.3539607203907264 201.93977352262732 -6.562045828866982
3.8861547077031187 213.50165177212807 8.199654955476264
14.60595788789586 198.04457031113154 4.821423100303509
8.331716461081239 217.53325463038138 0.11775505653534735
1.0269223271891401 202.8667892163175 11.410577190692784
0.030746146705073356 208.32032764720572 3.5180603987579477
-5.857357466009629 208.08857581675863 -9.69633742850164
-2.5612305932762935 215.16036716249425 -0.7882907751855932
-9.677597604401544 200.37791127931735 -1.9439119058955059
-18.15187137076104 194.5727342631 -1.0758914907785824
-2.117649231209838 190.6672787655927 -12.586251486988173
-1.2498404062132873 226.93176735543804 22.41120140572206
1.452622743649383 208.49375099843525 -9.381575634814924
-3.200840439146966 206.50978423681178 3.054295941240766
-9.085471046140341 213.34837353858634 12.894940843906266
-4.716725679349874 195.00615711069318 -3.427585097040757
-21.468789808246274 200.5672902955335 -4.005074031987853
-7.058470396896331 192.9571735060832 -9.161211002443894
7.825435046699337 215.3229955024492 -3.8700789442595935
17.271828634917206 205.09943948918632 -8.551782370540314
2.113660165979157 204.0460350898117 -13.956355429621361
-2.265089948105979 193.85455404393716 11.848175661357125
-0.6400033280827164 204.01483876115356 6.0198783236164495
-9.795246221347831 218.25003205970398 -4.631999538733861
-1.739353517610853 194.59796038957361 -16.53747443520225
5.363779804761228 190.52902048619953 4.351889340995942
0.9524458061659425 198.3267150380953 -11.191780117893789
2.9700255946643295 203.86591450828362 9.779852869531453
-10.812219573767072 204.78770402822752 -7.6425154216577065
-4.738420364269846 195.13524187174687 -5.319666604006007
11.041385589679386 209.14671324788523 19.50764745311979
-10.004497818133697 185.8185511793493 1.3851224206666555
0.49443640625299 185.56218319440055 4.383687693665997
-3.939661454182292 188.24413166325016 1.4741212690715733
-11.352061257869854 190.45667365418757 14.577163984225368
-6.4527679538186185 209.21290833626503 0.10250403144317242
-10.19640069090859 194.46847054631178 4.67118434171501
9.444012500214257 194.4357168149331 3.204087014707892
-8.668995979936097 187.5590338206811 0.9285418260306291
-3.694166703002732 204.30906303022383 3.016447556122041
-0.7747895917655646 183.15726377402183 15.260714689927122
-0.6995833457052656 185.81109120537982 16.977996370234095
8.02343798946335 208.1820085657741 8.789763337477192
-5.723061778462299 215.950591687166 -8.848021459545885
-15.697695527474611 210.40836423483842 -7.822661417330057
0.07401735965769753 208.93608668864672 10.05404306267058
-9.19291418889789 188.0448374058462 -13.962023172609111
-2.9387000947696955 209.83317265467292 -0.9038069824148408
9.050930060678615 204.21404043554045 11.789912225965004
-6.7868399949956535 203.3565601586787 -7.45159739814298
-15.549274779840992 185.08709837586167 -4.12541898569295
13.17986799652335 209.82719908811183 4.75575219710023
1.4895695843233407 191.7374040677452 19.525604264263016
1.4286267319586032 183.27026648096196 -12.40844845596595
-9.70278907351365 219.57262574177736 -8.662150273722366
34.258031810955416 187.88544615585678 13.856255649587947
-1.1860351868679193 199.5420323887224 -17.489509775465265
5.189424236319839 204.50866945778085 -2.1211805295787207
-18.31571450805632 208.09016953693208 -3.3071928123421563
17.868093517212465 189.88256668204946 6.897668760904575
17.416423777655854 197.65782517016999 7.634045550637332
9.837648714483718 205.98544135820347 -20.062595864436325
0.809524255105193 198.8303492522152 -13.870928365852189
-6.156920449165564 212.29955742091866 -1.912940199449801
-17.234302166115935 207.5019036418472 -12.632804271922227
-7.903693658468144 198.93807701577157 16.18241918936109
11.838372196131655 196.7773291103889 0.8378700644575554
-13.22612679197958 196.40997500030088 -7.316929631049861
-8.196280613515084 194.99102554374866 -9.686845418742264
-19.545788579425125 186.3170829218355 1.9038177108658692
-5.575111997005434 194.89910275096457 12.239312962126812
-7.309303796728541 203.02483544083705 -9.521315319032036
9.536149907051781 212.25002073033363 -4.299359844235963
4.392167688132886 196.1333937192833 -12.296360085843574
11.275103979795436 197.6619556171918 -3.796976818232225
3.368809979260064 190.67966508713988 15.986187325336903
18.530041235444312 192.01883389928196 16.360833227827673
-16.170012812703128 196.09583345789156 -11.779527820886047
-15.258946951676464 186.6567166215303 -9.533315557794776
3.8359156118139155 199.74305270821662 -7.458941783586187
-9.202138122031569 188.49061937148105 -0.9889104504130379
-4.161639716912208 191.7377496503355 -9.956096710542065
-4.395674355238342 206.97143827662939 -10.888320518573071
-6.051558624453631 201.89388935543522 17.285122393754435
4.162143765029706 202.43328777313317 7.278932634621601
5.842775198191086 199.90177393523555 -4.0276754116292715
-0.09820344352019333 203.3480430012862 1.1756948015579396
0.5716175021246359 202.04355127326627 -13.56853523427728
-12.260088046698009 190.08921099418183 -18.724916438506323
8.103627632065967 178.52228042273225 0.7832893951664878
-8.425139259865674 195.08175784406856 -3.031273413685719
-1.1065530947876994 192.7839038011078 -5.949785890585092
-6.199906295798863 194.86634235059827 4.214583225334443
3.272889973816993 184.66367004837352 10.823209504961468
0.97212642759055 200.8196599145049 -16.21258752478252
11.557707373591732 195.98115313657675 11.629276162805557
-5.658902391829896 199.25006049986357 4.171383088424221
2.602754485686716 209.4709458134124 4.249883230305113
-4.47863766167483 209.0727517516104 -8.099596891332114
2.216672682030305 194.76016611094022 8.536450925129667
0.8748828362147388 199.3254249526072 -1.702114555680071
-0.1946128256457389 190.51277344766896 3.6594963581187705
-0.9873446414543559 196.87565048987284 11.731897940051823
11.183907377031797 192.3928528025481 6.690530403137835
2.0356233382848328 201.4306462730676 -2.491543831600211
1.2083641008640282 188.3377759588755 -2.3401573233465047
3.423183421485378 194.0339237647039 2.6713990752991545
7.44130424866975 206.37625992266226 9.819829923398677
10.356992256142004 207.66784774825095 -18.82901960208254
-9.062278024523442 192.2591671080328 6.39717153852192
-9.477518735461686 182.94840688216183 -4.7414659519086815
5.3398366974212745 189.23264640766584 -9.768235107665355
-1.6019769392926153 196.6168323711212 3.7813200845962096
7.92682399691364 201.37994172063597 -2.864501654627414
9.805367559209472 203.11023646724834 12.634129485910766
-0.16719770172383458 215.2000637196968 -19.34963079852507
9.132316478454918 186.09247625600037 -6.71539381572758
;
;id=3
;legend='class 3'
;color=java.awt.Color[r=255,g=255,b=0]

2.478220597183061 227.2146048921413 7.233753256800808
18.83615836131593 226.63159456145607 -9.016587470264696
19.420669626692288 238.94707420747096 -13.14469678605639
-12.004984649555254 246.78400868505355 -2.6754184398985097
6.25067464089589 231.0194534737581 1.7500611855764003
5.530674691135426 213.77245780092971 10.910866580240157
-8.141543233983686 218.0912599550844 1.84213443350603
-1.7721826632578246 242.7180403440056 18.02163129677872
-4.24916073440878 239.17202452076467 -3.3316561808191296
-9.28614033528736 238.40995090510796 14.30723917338383
-14.720411509675637 245.07561571449492 -4.483432640106767
0.9432390817259273 224.65922494138374 3.4442920253890925
7.58759784401787 240.30450916765304 -15.872142042169122
-27.432831449156033 232.31050178366365 -2.8194091522092646
-7.083761027651549 239.8712633770804 -12.11206497417056
1.604005592405073 230.6008543327393 25.190790891212597
-8.537019980141846 231.7779954952264 8.09012388902626
4.452131165977902 236.09545526585046 1.5425678836414987
12.163412026799772 237.40738070815436 -0.9007284620310056
1.012633920743541 240.62115747622585 -16.50493054448625
-11.354004223385754 231.36465148842336 -15.54542184054171
-6.858513165790577 230.9514583288759 5.859213997176069
-12.218821776404125 239.23153480499678 -5.479498727492303
-18.064565796681464 237.68341699932247 7.243061813161827
9.640880220912923 231.67813364342928 11.937027215325713
-1.2547803451585702 222.79920031917442 2.73198032157418
9.058297657155176 237.2191646825777 5.825959931887317
-8.77852684789047 234.55600640116762 -4.81579684304766
-0.37445280878072984 243.76043424697326 -2.4552272103315085
2.0332441536359713 235.05614713405754 14.12627159663968
-2.793602423841927 228.7828013429317 -0.8029733466428611
-10.45283966434096 250.91919430632402 9.504688665345105
6.4127201779457295 229.781477935894 -11.438326232561371
3.358278522577409 247.28381101315392 11.90208527425659
1.8964766314433377 234.5712164387391 12.696220116552732
-9.186109898146523 230.09948538261222 -0.749948325593791
-13.164977646223905 244.6503902445677 23.839567973118733
8.870341136108973 222.4485477387857 10.143784996561537
4.80626315110753 252.21944649671303 -12.445940273398833
3.4943419145395334 232.3051995807666 -12.571875251143727
5.4398725306441085 247.06853555190932 -5.948122519690031
-8.787893158816008 227.5647255296467 -14.223159844354223
7.216322793271138 230.79401390200087 6.387596258783064
14.854943534957588 248.33539517106917 -8.904792002043322
6.1708956539611 233.72121547599335 -7.11776892935702
-1.9067958780477423 227.29039875401727 5.926359001251641
-7.936530788442855 225.52807831048267 -9.242366605268145
18.81099807998831 238.92886794257976 5.7254715992855125
2.6774450025674916 239.18490361602895 6.6525041936903975
15.120915071053716 256.519210915948 6.093299527443669
-17.759245835013207 226.25042427280957 -25.880365039695604
4.7477461920901 243.474931577391 9.267266303600255
18.708470843443735 244.57133138746997 3.0813307579356843
3.011806021318498 228.64657167602903 5.611913806530743
-10.56768757624997 230.38207753743393 7.443870780763776
6.002691012774646 238.57129568201918 -9.944337673023279
7.984733981930244 226.95224150565005 5.782617893549697
11.378929583949454 213.14349463621662 20.955852533952278
-2.576404222574318 224.77547221176397 3.488490628540193
-6.155490541374543 236.12046745638486 -3.1443981092312567
-8.060445825613145 231.59040383530703 -1.1622746401617503
-15.143658108717268 232.69740081045194 1.409374927999375
-1.1108731701243206 232.1067666170602 -3.8130481327067796
-1.3131148663968386 226.4670429670288 5.783428872763005
14.394644050323945 214.97825984172704 17.29153520164821
10.046355186852727 242.96230387359478 5.3249158726260575
0.44802926944559623 236.7709724030706 10.218586979402458
-1.5073324739197194 227.37929527127352 8.116066751623997
-2.694104184068107 238.0356225093386 -2.7222535763615414
12.427572805954835 214.52186970696613 -4.706969611626686
3.5885778547001457 227.02218836963016 0.7429834252717966
-12.151606989165739 219.51677218405212 -11.617653496445278
-3.8465936977770077 233.37134423349278 16.41766935182009
4.463538462792519 238.337046108642 5.189137975649034
19.717156926188498 230.22384296439782 -3.9640123561841323
-17.206421640627532 221.69571957651326 3.610915690344024
-6.918265243998177 242.5697501979063 3.7053732802030943
-8.414648906518789 232.62242413909388 -13.671232743596784
0.16035270712334976 242.34958903388315 0.7393527640705544
-1.3370388120910104 248.70464965849146 -4.7611975955235355
-14.354743453914335 232.84191055897253 -7.375656020671907
1.1907429209615028 233.17198475548184 -0.1397419868098993
-25.94046680342693 235.5739517351307 -2.7080521601835414
33.1139649731066 242.16948999741308 -2.55491845483087
10.086013993231939 223.12056240813584 1.020911904485584
4.21527833680171 230.81360762757208 -0.035018157819674066
11.32366910450891 224.25089511582908 -9.96144418281283
0.20566039103513495 231.00905625368972 -15.222511128140447
15.413412786813197 222.18365312360004 0.46307083962311524
-1.814063191604426 250.73911717811495 -15.008787666357403
5.75985802550681 231.92372038227015 2.9434531112921336
-2.6541968117930255 228.38232716522725 -0.8050484675955691
1.3284847527470998 222.34899649171595 -11.715062531140816
13.929688309300868 217.4980136577355 -5.319728717049474
-4.640490398470485 244.69892967785398 -14.341462583717542
1.4388125578568474 236.48119872653524 11.21679861706536
3.9081849056043003 223.7641327165051 11.830956168386251
0.9993107122628462 228.63292780277922 14.359551553069345
-11.921445828881378 242.6155684934309 19.393244857646053
5.243957702487646 233.81898879057997 1.6054609064006187
-8.977489917233404 237.59735066673218 6.021333545070958
7.416270002936631 219.2291858499178 -12.533386539533852
13.207104932242927 238.48148350347378 7.619124365102612
-9.900623811779422 242.25349259933526 -2.74256160218998
-17.778265337668277 256.57107549036687 -9.937636690208965
6.116153821765575 233.37323344162306 6.6952308491310255
2.9921702833283135 236.96585865686706 -7.629153994146771
-12.774012076764716 235.52119841716774 -6.9584277764023135
1.6733302346100873 225.0724192344951 13.977158869342368
-8.13270674280371 237.02136803677956 -9.876127082416495
-15.746882672640524 229.47206447004064 10.575476355855567
-6.962432862944076 228.7375672601524 -5.744637765067914
-9.93392464423393 243.76643575836977 1.034068993595475
14.938304442944602 236.25131975415502 8.464924642831972
-20.29901713638518 215.2431487853883 -7.830415510456925
5.464039038221932 228.77961688302273 -20.78627753872602
1.665530315892712 225.41561863718104 22.213993427632474
0.3283016555997164 223.78127874354686 -3.915109116660135
-8.205204548393407 218.5294639881926 -1.2960225614094143
0.04644105869109061 227.99942565556697 12.998412655256871
-5.024160019311598 237.9336809228173 -13.368745592671873
-4.4086980684686665 238.11990511748445 -2.563077162300572
15.064582835369487 238.06277385933373 -1.7389931535145875
-7.527615709335885 230.38003173271923 -12.15196577900868
-10.045604068306485 233.20451271493766 -18.036069915813354
7.338696639202757 232.3146197557358 -0.6198764056759285
0.43395127940450645 224.12398786626957 -7.188262798696324
12.125914516532148 230.53382415548447 -7.009011519181256
-4.058125230043975 223.23866175457144 14.731918327325504
-6.2351902836317885 234.2844180085381 0.8550713253899229
-8.178324382474717 219.56311658581558 -6.399798630195495
10.926007605972226 230.9581137217319 -11.238214674334051
-23.34673186414132 233.4498413150835 5.570034234527405
-8.221632036638457 232.63358609593928 -3.1755715283185366
-14.019315541873103 246.1042652800511 6.439750331403498
11.674469819387564 232.11456960514494 16.822315025352438
-9.06657392172977 218.15355340917773 -14.636721587549248
-7.953426193902613 248.03690676489114 -0.7799948007255021
-0.23552874959459388 242.141632681741 4.445744797579815
17.885549531339578 223.31244471380043 -12.008423655999183
4.532229973940339 229.4877408783685 -1.713617235486695
-2.0697534905835795 226.5111744261571 -1.653508537158252
-2.6285523335377854 233.22187015890145 -18.509881799635533
1.9988954440360285 248.022445571386 9.805451717892185
-4.886147191711299 239.01312365503213 4.830746882110538
13.71332548122256 227.7984355620043 -10.735317080129603
-7.3737606287407695 217.20146382184407 -1.641022871257676
1.2264348720803016 226.57657992703085 7.196425339984312
-22.523992544363033 246.93601305805137 -20.67620549215366
12.414776915607163 239.94980958577793 -6.314702528185741
0.14515541622270572 226.9136659278529 -0.46677143200455984
-4.568156874735693 247.80747088125216 -6.8046067409387945
14.547421936612594 228.4073108112019 0.24431416100467157
-0.3668709635419929 236.58004693416305 12.579981929402607
2.4855080300714523 241.49935295602435 -9.81577530343137
-9.200260567270199 226.8619699421404 -0.5442170656453457
11.1418108393959 238.4798618895764 -6.252349328810021
-0.3023082886177502 237.31826503416022 6.047937304880043
6.728088504689612 227.1870488859953 -11.335506025179916
3.4851653250262844 252.2438738008051 1.674229773741449
-10.085733369199252 249.49668143850343 4.72561253130073
-5.454921285067162 242.92189655659135 3.3451879683232075
-7.539010625797976 232.9634035404797 -3.9491154676397757
6.838506565905559 228.76642984525952 -6.244684678700617
12.60665312406786 230.13083257510525 2.442800658179207
-8.074012535007524 227.80763971331743 6.234061276415424
7.536871579200942 233.05302953633284 -8.874522849234822
8.309840332559295 250.48566892226313 12.53635787517311
-5.8866612129081695 231.37439501884424 -12.46812776526867
-13.552456070865889 240.44681735919337 0.37037139986606155
8.886536043790263 230.32394244613943 3.352271257768931
-4.709317485684516 244.61007880180077 -12.64341276932013
22.693774290535842 225.3652977006809 1.2519643863309824
14.95962188551806 229.88736335276994 -0.2611826303086158
2.585072517260545 230.230835908927 19.380915416902734
7.057074960399799 233.73517196652625 -7.829244813625092
-0.10297584925214091 223.1852606772839 2.6216178066842684
-0.1499741285480909 231.49772246357813 18.495150514853577
10.198354468738394 234.64032824957135 -6.637795790201996
2.336886390572617 241.9260876412628 -6.541031992675107
1.910111817401651 223.51075582340275 -4.287491499672458
12.218649998663114 229.83129747493402 12.762654670215117
8.80189212662334 227.05818624455375 -7.357822714821273
-6.1146701597343895 238.0415412999937 -6.477640321873763
-3.023774078072644 235.5588207635616 1.7976628079524057
-2.3074032074786928 240.6230104809025 -7.115920016692722
2.577700511123145 238.6252898323344 9.98126013111826
8.954953338694837 253.6098915701767 -0.8888232659735764
2.5431137383937146 228.85944156960798 3.592679442773503
-9.107079868184263 226.8058536175493 -5.343061039615028
-13.209911030396949 241.96413308402265 8.96455145205686
3.0313068411805464 230.2944909659726 -9.639069922073626
-2.193391247531939 251.26593352737459 -1.190326236906503
-8.89469897784659 234.0276257184189 12.082079005951323
-19.995576815121296 243.1502281208809 -16.957825254504606
12.521066187213512 235.95654531515007 3.5775500811802985
4.919110259940699 233.127262518529 -13.588307290630027
-15.0141202919092 232.29023501184898 -0.03333288848151589
0.8620494931218583 216.80504435516042 -7.543735719909065
10.357356829861379 226.11102249854633 -1.9674447560451127
-7.212406779876677 230.156931856139 1.813436868602534
13.21306195998734 244.3321207131617 -5.447246531639384
11.635079516900792 229.34379476527818 14.35948852288526
8.505262898914678 220.3628084906871 19.262242737418067
10.742124247017191 217.62928975752683 2.212016680507216
-6.747503856531609 236.75547070536066 6.335677486874061
0.629040821938107 238.8683746320658 -13.657084242246585
-7.777286904732188 236.6849071965407 -8.962705834576424
3.272426423877393 252.37733112268987 7.020101329225602
-2.3686063998757745 241.94687290077428 -5.287949346843963
2.4219247898918623 225.09729900385946 13.854109470591133
0.564307282416591 231.9456399421349 -4.89264584012875
1.2577963092118152 230.9106385492117 -14.937914253159457
-7.866597578539439 243.77014015078583 -2.8852527277073117
-10.249077738188099 227.14924225053323 8.126991276538883
8.040021890622235 232.78109297133688 -22.356358437671364
19.78753321244098 244.5619074526485 -5.872061565910773
7.758262923156611 247.13704461405666 -15.12649539960498
-6.568190853503935 226.39602715705905 6.063557956342227
3.1792897351211464 227.07192207260775 9.334288075003975
5.234466291011174 235.06798094607828 21.14288479517153
9.287339010437256 237.9776080245377 -0.19078261339020774
-8.952472509142998 233.58435852263366 -3.292096685629256
-7.582610129084903 243.74634426637203 0.9564195709460455
2.1245661092730983 233.69802267317016 0.23722524934073286
-1.9355010879861025 244.50799885862634 -13.167634526328154
5.682450921787881 225.82172149682435 2.4434619269101523
-0.5490718520934744 221.78400534395473 -1.3085172907059304
12.645731415361352 220.38769273029476 1.0017401631242269
1.2491811293510493 248.24993218285954 8.100233533708252
16.43276498620913 233.99577444681955 -3.9714435074427774
-8.411765648310439 223.06323090731306 -1.7118747632580253
-17.37565134149656 230.17207267423157 -2.5532129043335234
12.191302920544516 242.08588605807427 -11.511887059902516
3.833156236044861 221.73641235309057 6.746133668305636
-5.366882856560475 218.88022580521027 2.398043052530098
1.9193338021424997 238.7356530375057 -1.5635507509402697
3.567259804748301 238.26366005087735 25.28667845223771
8.180880363533726 241.6612002764791 5.238178037379971
-15.44628911560092 233.97890571617273 -0.9006394420354633
5.136148921735199 243.21653089524608 12.231117400475872
-6.062999296100093 239.81655989248515 -23.375308453468175
-13.65804676532493 241.92013828660396 -14.306082541071826
-10.901695014108444 226.2693806457767 0.6999926832169918
18.680586809975434 218.50354683940208 -3.3710514175142583
6.221307245118064 246.39673983725214 4.604414291166819
5.727653489739774 223.79570265017944 3.9347839367140542
4.291635362197191 210.79410259177217 33.25664812615332
6.025083694957417 237.31186666671096 -3.5859123617244384
2.324079216464959 238.77101490686215 -13.469556740638273
6.165265882128148 245.20403651932156 9.87463491750274
-3.0501864074136464 241.6353229024139 12.226071899782237
-1.0764573538201048 229.38797926715378 6.62322570910797
26.16883162180529 219.8035855466962 -0.24573379298290876
-8.534254902513863 245.26705856738042 6.273009361626595
-8.594791236419226 216.91659032797915 0.04704728971104911
-11.401047908050032 228.86925481693976 -8.024679850372898
11.167627482293714 228.7362073893869 6.078499965301628
8.177240356727705 219.75685988145946 -7.826514799247553
10.362021471068438 229.81776228471412 -15.188550581640934
15.592399152417993 238.54069212648298 2.0173747683360292
3.177061339437326 237.2343513937147 10.988313546097777
-10.686130588135896 236.09980033044903 3.1054015194191393
15.027961250820724 244.50998572814467 -4.725288128447617
-4.986998315369143 239.05258136012807 1.4353727041211983
10.041630039013993 239.0967071886936 -27.240640989376054
5.247732660603477 234.90279425776197 2.0027240909643913
6.702714918853246 221.77479837589084 5.202551139422173
-3.599341151508855 239.51872379265598 -19.013625510355226
0.15476124923616913 224.78537115882696 8.914082579505946
-9.03324716964194 220.53695934328073 7.0168983371877305
-1.228687113897314 248.5687842339571 14.558194144293086
5.8454417252932975 240.18454339483267 -5.146126246205849
10.002787683230432 227.53639125614754 -6.01513093540306
-12.922719281459901 232.72983678195513 -0.5242941739587952
-0.7285853662983289 238.67475886236608 -8.350338469022164
15.330892484064819 224.12404437015215 1.1890692740707685
-10.470636052470967 233.65517519945956 -6.7667920578044445
-4.0958399543384 233.74909163969457 -4.572311995820958
-1.3578458319941724 222.1956509941274 9.311360271606492
8.293736109602603 230.79409975087822 20.629287807268003
-7.771838112086197 244.0895436878169 7.118586583954673
-11.087620101381784 233.8277438917632 -2.8571731402341696
11.075827789510255 235.0044228502778 -1.740006867768171
-5.640018591315258 231.6652282143897 -21.012133139856196
7.282524589495606 227.9550897041111 15.629703014723198
1.3356298971924723 243.51254940544726 0.7980928566471848
-3.308134609685705 241.9078342844956 -14.419680009581267
1.5590270838599072 231.23478012918278 -5.516981087956488
9.071397255490442 232.8375345879791 8.745035352524603
-12.809328243161914 247.47083303622654 -3.8031950217375767
4.040307670468698 232.50754759371617 -10.661064151019469
3.072505901202402 237.8705342336847 7.695690798145645
-9.39432120855568 222.03761315200555 -7.530377862166614
5.872007225558349 240.50094513775585 16.98778175613951
21.060387085395178 236.63053962947345 -11.26142591768705
1.3468244432454015 231.0014940596568 7.217215058880122
-13.095234234300106 241.2270054405549 7.445390035019962
10.160631065185626 239.22941592959992 1.1527534699662911
2.35009154355001 218.95635175146379 10.55532715183973