; ENVI Output of ROIs (4.4) [Sun Feb 07 09:41:07 2010]
; Number of ROIs: 4
; File Dimension: 357 x 321
;
; ROI name: water
; ROI rgb value: {0, 0, 255}
; ROI npts: 287
;
; ROI name: ligth_forest
; ROI rgb value: {0, 255, 0}
; ROI npts: 156
;
; ROI name: concrete
; ROI rgb value: {255, 0, 0}
; ROI npts: 269
;
; ROI name: dark_forest
; ROI rgb value: {0, 139, 0}
; ROI npts: 190
;   B1   B2   B3
     1   17   92
    16   32  106
    10   27  100
    12   28  101
     7   24   99
    16   32  108
    10   27  102
     0   11   86
     0   17   91
     0   11   84
     8   25  102
    10   26  103
    15   31  108
    14   30  106
     7   23   98
     5   21   96
     7   22  100
    11   26  104
     0   16   92
     2   17   94
     6   21   97
     9   25  100
     5   20   95
     2   17   92
     0   14   87
    12   27  106
    16   31  109
    15   30  108
     6   22   99
    12   27  104
    15   31  107
    10   25  101
     0   13   89
     0    9   84
     6   21   95
     5   20   94
    14   29  102
    26   41  120
    20   35  114
    13   28  106
     7   22  100
     9   25  102
     9   24  100
    10   25  101
     4   19   94
     0    8   83
     4   19   94
     1   16   90
     7   21   95
     1   16   89
     2   18   97
     9   25  104
    14   29  107
     6   21   99
     0    8   85
     5   20   97
    18   33  110
    14   29  106
     1   16   92
     0   12   87
     0   10   86
    11   26  100
    18   32  107
    20   35  108
    18   33  106
     1   15   88
    12   28  107
     2   18   97
    12   27  106
    14   29  108
     1   16   94
     1   16   94
     7   21   99
     9   23  100
     4   19   95
    13   27  103
     0   14   90
    14   29  104
     4   18   93
    11   25   99
     2   16   90
     0   13   86
    10   25   98
     8   24  103
     0    8   87
     1   15   94
     9   24  102
     9   24  102
     9   24  101
     4   18   96
     4   18   95
     6   20   97
    10   24  101
    10   24  100
    16   30  105
     0   13   88
    14   27  102
    10   24   99
     2   16   90
     4   18   91
     4   18   91
    18   33  112
     5   20   99
     6   21  100
     3   18   96
     0   14   92
     6   20   98
     3   17   95
     8   22   99
    20   34  111
     7   21   98
     7   21   98
     5   19   95
     0    5   81
     7   20   96
    10   23   98
     3   16   91
     0   12   86
    14   28  101
    11   26  106
     5   20   99
     4   19   98
    12   26  105
    12   26  104
    13   27  105
     9   23  101
     2   16   93
    14   27  105
    15   29  106
    17   31  107
    12   26  102
     7   20   96
     0   13   88
     0   12   87
    10   23   98
    13   27  101
    14   27  101
     0    8   82
    11   25   97
    14   29  108
    16   31  110
    10   24  103
    16   30  109
     6   21   99
     2   16   94
     4   18   96
     0   13   91
    16   30  107
    17   31  108
     4   17   94
     0   12   88
     9   22   99
     0   14   90
     8   21   97
    13   27  102
     4   18   92
     6   19   93
     0   11   85
    12   25   99
     2   16   89
     0    8   87
     3   17   96
     0   11   90
     0    4   82
     0   13   91
     0   11   89
     1   14   92
    10   23  101
    13   26  103
     8   21   98
    19   32  109
     9   22   99
     0   12   88
     0   11   86
     0    7   82
     0    2   76
     0    7   81
     3   17   90
     8   22   96
     7   21  100
     7   21  100
     1   15   94
    16   29  108
    20   34  112
     8   21   99
     0   13   91
     0   12   90
     0   10   88
    15   28  105
    24   37  113
    11   23  100
     5   18   93
     2   15   91
     0    2   77
     2   16   90
     0   10   84
    15   28  107
     6   20   98
     0   11   90
     9   22  100
     5   18   97
     5   18   96
    14   27  105
     0   12   90
     7   19   97
    21   34  111
    14   27  104
    19   32  108
    14   27  103
     5   18   94
    13   27  102
     0    8   83
     0   17   69
     0   17   71
     8   23   84
     8   19   86
    10   17   90
    14   33   84
     0   11   58
     7   26   74
     8   26   76
     0   17   69
     5   21   75
     8   21   82
     0    5   74
     6   10   87
     6   26   71
     6   26   71
    12   32   76
     7   27   72
     3   23   68
     6   24   72
     3   20   69
     3   20   70
     2   17   70
     7   17   79
    13   19   89
    11   12   90
     0   20   64
     0   19   62
     2   21   65
     9   28   73
     3   21   67
     0   17   64
    10   26   75
     4   18   70
     4   14   74
    26   30  100
    22   21   99
     5   26   68
     3   23   65
     4   23   65
    17   35   78
     6   23   67
     3   19   65
     0   15   62
     0    6   56
     0    0   55
    15   20   83
    16   16   85
     2   23   66
    19   39   81
    10   30   72
     0   18   59
     7   24   66
     2   19   62
    10   26   70
     1   16   61
     3   15   63
     2   12   63
    24   31   85
    10   31   73
     6   26   67
     0   18   59
     5   24   64
    12   30   70
    12   28   70
     0   15   56
     0   19   60
     8   26   65
     0   14   54
     5   26   68
     7   28   69
     2   21   62
     2   20   60
     2   21   61
     0   19   60

    33  195  104
    44  201  111
    28  194  102
     5  176   80
    34  202  108
    14  179   86
    29  190   99
    22  179   89
     0  155   57
    37  207  111
    16  184   90
    27  192   99
    19  180   89
    31  187   98
     0  122   23
    20  192  101
    14  185   85
     0  153   51
     0  170   69
    26  197  102
    41  209  116
    31  195  104
    31  191  102
    31  203  105
    18  188   85
    15  187   94
    13  187  109
    19  192   89
    22  195   96
    27  199  104
    41  212  119
    25  196   92
    29  200  107
    22  191   85
    36  206   99
    35  207  103
    40  214  113
    24  199  121
    41  216  139
    50  221  127
    34  201   94
    42  212  103
    46  218  112
    40  211  116
    32  201   92
    34  204   95
    40  213  107
    24  198  119
     0  162   48
    52  215   98
    34  194   75
    36  202   90
    70  224   98
    22  203  101
    39  217  113
    11  186   78
    27  197   86
    20  186   70
    20  181   61
    51  208   84
    27  210  110
    28  217  122
    13  169   44
    32  191   69
    48  212   94
    14  184   71
     0  161   52
     8  188   84
    21  207  106
    16  205  108
    24  215  121
    65  247  147
    35  206   94
    46  227  125
    25  203   98
    41  216  108
     7  165   40
    16  176   54
    23  187   68
    29  197   82
    59  239  139
    11  171   49
    42  205   86
    62  227  110
    54  219  105
    27  194   81
    35  202   91
     7  174   64
     9  176   66
    24  192   82
    14  176   55
    68  222  102
    16  175   53
    25  183   61
    11  171   49
    55  208   88
    39  200   78
     0  130   13
     0  136   17
    12  165   45
    29  185   64
    24  185   62
    18  176   52
     9  164   39
     2  143   16
     3  155   29
     0  147   20
    76  221   94
     2  145   19
    25  171   47
    49  191   64
    28  189   64
    12  158   34
    29  173   46
    48  190   62
    50  193   64
    47  192   64
     0  145   17
     1  153   26
    21  176   50
    33  191   66
    10  161   34
    26  177   54
    23  172   48
    12  160   34
     0  144   18
     3  152   25
    22  175   48
    34  190   63
    30  191   64
    37  195   68
    24  180   59
     0  150   28
     3  157   33
     0  152   28
     1  155   29
    27  183   55
    23  180   52
    58  216   88
    36  196   67
    13  168   41
    12  170   46
    14  172   50
     4  163   42
     0  130   10
    42  201   73
     7  165   37
    52  211   81
    31  191   61
    26  184   59
    26  187   63
    13  174   47
     7  168   39
    41  203   73
    29  191   69
    23  184   59

   103  141  158
   126  165  185
    83  135  157
    92  146  162
    98  155  164
   100  159  163
    92  153  150
   151  149  232
   159  153  242
   155  146  239
   166  155  249
   159  147  239
   172  159  227
   139  128  215
   176  161  235
   112  103  184
   104  147  180
   171  226  250
   171  154  232
   133  200  216
   162  147  226
   132  154  193
   138  184  210
   168  206  237
   145  176  210
   135  187  211
   163  192  214
   169  204  220
   157  181  208
   158  177  209
   152  141  217
   164  180  213
   185  197  231
   156  167  200
   186  194  206
   186  187  209
   185  182  212
   159  158  186
   180  176  208
   175  168  204
   178  193  196
   150  143  216
   167  161  196
   143  143  162
   145  148  138
   170  169  238
   190  185  184
   192  180  189
   187  168  188
   198  173  203
   190  162  198
   182  158  193
   185  169  198
   174  166  188
   119  131  112
   117  135  128
   149  158  157
   184  182  187
   192  181  194
   198  178  199
   198  172  200
   193  164  195
   179  156  186
   109  115  132
   153  149  169
   172  157  183
   154  159  229
   168  145  169
   170  153  176
   170  163  185
   170  151  174
   124  129  148
   173  170  189
   166  174  190
   184  172  193
   159  178  191
   141  184  190
   135  166  176
    72  116  142
    92  149  174
   102  116  133
   109  141  167
   149  151  168
   145  136  152
   157  141  157
   166  154  172
   147  167  192
   155  163  187
   170  168  189
   133  134  141
   150  148  158
   133  140  158
   129  146  172
   145  173  206
   122  163  199
   117  171  210
   111  176  217
   149  142  147
   129  148  167
   122  149  178
   110  146  183
   163  209  249
   145  200  243
   154  166  173
   174  179  176
   194  197  255
   181  182  233
   172  173  215
   168  173  211
   145  156  193
   153  171  206
   151  174  210
   110  144  120
   114  144  121
   116  141  121
   140  168  143
   143  173  151
   160  188  173
   160  179  165
   161  188  181
   171  196  197
   166  188  192
   163  183  188
   191  195  213
   166  180  181
   133  158  142
   148  156  181
   122  154  127
   128  158  139
   154  179  174
   141  160  170
   186  199  222
   160  170  196
   139  139  175
   127  136  156
   130  150  151
   102  133  114
   143  141  183
    96  134  104
   107  140  122
   139  161  165
   108  120  146
   176  178  222
   149  149  194
   133  136  171
   123  127  165
   100  114  136
   106  132  132
   107  145  123
   111  154  121
   122  156  141
   139  159  171
   127  132  173
   162  155  218
   157  147  211
   114  119  151
   100  107  145
   101  132  129
   119  160  135
   137  139  186
   122  141  157
   122  158  142
   115  162  125
    87  105  125
   109  116  148
    90  113  114
    96  113  127
    91  121  111
    93  135  103
    84  132   87
    86  124   97
    96  102  129
   129  141  201
   159  168  242
   158  167  246
    63   79  144
    17   42   86
   106  122  168
    77  101  125
    78   98  131
    89  117  124
    64   91  108
    94  125  136
    72  105  111
    88  120  125
    76  102  112
   137  151  220
    83  112  159
   177  182  255
   180  185  255
   145  154  215
   123  137  181
    97  117  145
    71   95  112
    24   53   62
    70  104  105
    46   81   78
    63   94   98
    76  101  115
   108  127  152
   121  134  170
   177  191  255
   153  184  234
   188  189  255
   180  181  255
   143  150  210
   121  134  175
   104  124  147
    73   98  108
    32   62   63
    43   78   70
    33   70   59
    51   81   84
    74   95  116
   116  127  168
   150  154  211
   163  166  228
    98  131  183
   155  168  243
   217  216  255
   194  193  255
   134  140  197
   105  119  154
    79  105  108
    66   96   92
    33   67   57
    31   65   56
    56   83   91
    92  109  138
   129  135  187
   169  167  238
   157  155  228
    96  117  132
   208  205  255
   216  217  255
   173  184  228
   121  143  160
    87  117  112
    81  110  105
    94  119  122
    78   99  110
    83  100  122
   106  118  150
   122  129  173
   154  155  218
   136  140  194
   156  158  223
   127  126  183
   134  129  191
   124  120  179
   125  131  169
   127  146  159
   104  137  125
    95  136  111
    89  121  117
   136  138  191
   154  161  212
   143  149  198
   164  139  235
   151  130  219
   121  112  182
   118  120  170
   116  128  163
   149  163  199
    75   90  115
   141  159  185
    95   96  145
   164  174  211
   113  119  155

    19   71    0
    51  100   18
     8   68    0
    17   84    7
    12   72    0
    27   84    7
    20   81   10
    20   88   23
    21   96   39
    16   88   15
    28   96   23
    36  101   29
    33  101   34
    25   97   34
    22   98   40
    22  102   47
    12   92   37
    12   90   34
    17   96   26
    44  120   52
    43  117   50
    52  127   62
    39  114   53
    15   92   33
     7   85   28
     0   73   16
    12   88   30
    12   88   28
     2   77   16
    23  104   35
    38  118   51
    37  115   50
    34  112   48
    25  103   42
    12   91   31
    13   91   33
     6   83   25
    13   90   30
    13   89   28
     9   83   21
    14  105   29
     0   77    2
     0   75    1
     0   76    3
     7   94   22
    10   95   24
     0   84   14
    15   98   29
    33  115   48
    24  105   40
    16   96   32
     9   89   26
    18   97   36
    11   91   31
    11   91   32
     9   87   28
     4   81   22
     6   81   21
     8   83   21
    14  105   31
    16  106   33
    20  108   36
    10   97   26
     8   95   24
    11   96   26
    20  104   35
    22  106   38
    21  105   39
    12   95   31
    12   95   32
     5   87   25
    13   95   34
     2   83   23
     6   86   27
    13   91   32
    17   94   34
    16   92   31
    26  100   38
     0   88   17
     0   68    0
     0   75    5
     4   89   21
     9   93   25
    34  117   50
    37  121   55
    26  110   45
    11   96   33
     6   90   29
     0   75   15
     0   78   18
     0   74   15
    14   95   36
    17   96   36
    14   91   31
     8   84   23
    27  109   44
    22  104   39
    17   98   35
    12   94   33
     8   91   31
     5   88   29
     0   79   20
     0   81   23
     0   71   13
     4   84   26
    15   95   36
    19   97   37
    19   95   35
    12   98   17
    29  113   30
     8   96   17
    19  106   34
    16  103   27
     7   93   14
     7   92   10
    11   95   11
     6   92    7
    20  106   30
    23  109   30
    25  111   29
    13   99   15
     0   86    1
     9   97   10
    15  104   17
    25  110   38
    35  115   49
    27  109   38
    15  100   26
     3   89   13
     8   96   18
     0   84    4
     1   91    8
    12  102   15
    17  107   18
    23  112   21
    18   97   29
     2   83   10
     5   90   16
     0   90   15
    12  105   30
     1   96   20
    14  108   27
     9  101   16
     3   92    2
    11   98    5
    14   93   25
    15   94   23
    17   97   23
    15  100   27
    18  110   38
     9  106   35
     1  102   30
    12  110   34
    14  107   24
     9   98    9
    18  103    9
    19   99   27
     6   85   10
    12   92   16
     2   88   14
    15  109   38
     0  102   34
     9  116   49
    11  114   41
    13  109   28
    13  101   12
    23  105   10
    33  114   20
    23  103   28
     3   82    4
     4   84    5
     4   92   17
    17  116   45
     6  114   48
    13  127   62
    12  120   48
    11  109   29
    15  103   15
    27  106   11
    21   99    5
    12   91   10
    17   97   15
     8   98   21
     0  102   30
     1  115   50
    15  136   73
    19  131   62
    21  121   42
    21  108   20
    24  100    5
